f0,f1,f2,f3,f4,f5,f6,f7,f8,f9,f10,f11,f12,f13,f14,f15,f16,f17,f18,f19,f20
0.05933662033797018,0.07221845132172434,0.060068183692666054,0.0954800675293106,0.07401564314979477,0.0641940747622178,0.06762336822147205,0.07970471578908397,0.05507233830020365,0.04645168507899944,0.04399619131597478,1.582630902235989,0.43062572821373235,0.24417786862982135,0.6796492365097275,0.9940277086013887,0.7245253340205058,0.14493756068674662,0.2559410084610867,0.482203001245333,0.3012624203518266
0.05458103558679247,0.07088337052305942,0.06491896125852735,0.05787998642155025,0.06097885612642974,0.06357867980506976,0.06758916505523375,0.12138052395195055,0.049249842142450505,0.05967087254115129,0.04345511415494012,0.12933842906141635,0.0,0.34515813151416075,0.2893659963891486,0.219234871515181,0.23485247690556665,0.0863212034247133,0.28173089718450206,0.23560052676283316,0.09843480270940808
0.06440700024033263,0.04848340531826005,0.059319620184240564,0.09380189258009997,0.054683882780836635,0.04442691851853213,0.06540539521253133,0.10107196314040369,0.05284106247060379,0.06415719018635015,0.05131350181750731,0.4740178416393398,0.505292434376398,0.16515284016857085,0.6246586805475721,0.848914295886958,0.4591733388401545,0.10923656715834078,0.19954076600481957,0.32645419368710865,0.5001009426318317
0.05885810195348101,0.048687818077175024,0.05673728033053444,0.08761373046400964,0.05214637736179567,0.043736068252769926,0.05988334461359812,0.1056884530237626,0.0524132589106191,0.05961244861507822,0.05019737124257916,0.7416870450674515,0.39013836830445664,0.1920861410985728,0.8064583984373566,0.6296061312487039,0.431658213448995,0.09388372761273915,0.22357735352723865,0.33483939843645266,0.3048033453952299
0.051983563196849346,0.05646694769152034,0.048570738142660254,0.06293753981913006,0.06396442324585055,0.0695072875530046,0.06372007796960952,0.11351797061748518,0.051220302241727314,0.057583578277975216,0.040178479116149926,0.6429439268725279,0.12543090132994097,0.27428141451220167,0.25576035221379967,0.6422000027775474,0.44189574463094444,0.1293232134937375,0.286367212837573,0.24460367293470753,0.12483592960587139
0.06636252882686365,0.08064245770295009,0.07865993973154597,0.09527164508597745,0.05834735241121447,0.048721070887412204,0.07152858238391811,0.10999270110786456,0.05059220238589,0.04748531074882658,0.05172720244662795,0.4708834453282144,0.23651786884550502,0.3203014545755367,0.9119563994309585,0.459335662703549,0.3846171963841667,0.07684780222624733,0.18630033065980825,0.36631449763943724,0.3710417437707324
0.0627856443562988,0.04755212059354999,0.056342659650979086,0.09484448707006299,0.0539046532775103,0.04505614205700887,0.06544230346511765,0.10291086902054085,0.0500765130975005,0.067929181466345,0.05274672448785987,0.22554610407980913,0.49725890865804834,0.1534440807775541,0.5938877304953842,0.8294072844166169,0.3966996192918216,0.11375529568331519,0.19186826774929,0.29615892097213153,0.5171672497364899
0.06010962425917105,0.055118143186119725,0.05702722831249679,0.08103289870671573,0.05053249171168259,0.047310431008010814,0.06321987763419998,0.11023653130090459,0.048376175517228975,0.06374770282158826,0.049525919570886916,0.08356715782780211,0.3839115375257149,0.1580501535851722,0.4458210226528615,0.4374654551771412,0.38391380535012165,0.10422681555412816,0.24293762644490477,0.33476716923532973,0.3249783139081637
0.06289577437583395,0.07556289708651781,0.06741633159758795,0.07368271139680736,0.06446158146426781,0.06260340615699765,0.07393319834291893,0.13072281459029073,0.04501094551658774,0.04316017242792979,0.046104926962109175,0.7371822267148631,0.03858990978330068,0.3547082818820858,0.6287348443200464,0.3878482830576746,0.489672038990186,0.12009464296534236,0.23302318984703269,0.4210483785709965,0.2919266950309264
0.058380769030728905,0.05585429642370118,0.059162027118797866,0.08674936707181949,0.06020661053114598,0.05798977593280878,0.06511306010244886,0.10621300374171805,0.054801039826892946,0.059932929644669106,0.04459691342962782,0.17015776101969898,0.25403418252987237,0.273193242552449,0.4336159722357348,0.8145452407286464,0.3537958882743468,0.09563594425661939,0.21754602191382483,0.14994613032370344,0.35786011611772606
0.058177644018511686,0.04470936925935394,0.05884105394169352,0.10665581905937636,0.05529760593567458,0.04262492137525944,0.06155478737815115,0.08669703435711773,0.0538844053730168,0.06633496830060401,0.05420702885155408,0.7785373120397816,0.6555113531065117,0.05670221132840805,0.7344207645653035,0.9431321239139875,0.5193414666762838,0.11159408457295726,0.21189806453939003,0.37821556289298724,0.44057289146059714
0.06205530228951639,0.06627229485780678,0.06233579191303948,0.09013913708366936,0.06446126979136164,0.05616537106552767,0.06590771445216728,0.08893488035047173,0.05201225559460742,0.05166584315033602,0.04494468184240302,1.1885307257386346,0.49823308996450066,0.157611258971735,0.4736167380305013,0.6841329401622623,0.6489474865172061,0.13598853925477905,0.27400179792493407,0.5100646935074781,0.3315809926210604
0.05562044790285453,0.06842058311809643,0.07059465365875514,0.08408900900735966,0.0641219023125441,0.056367715849055505,0.06701177806785008,0.08917158573096205,0.057106626618144876,0.05789594573932681,0.05142565299275459,0.3394522115635772,0.329014449913113,0.19586145276537886,0.5153781675343218,0.519242415126897,0.4545029232612108,0.09001853548097306,0.2874176683037437,0.32367030105636596,0.23961488511748216
0.06135388432996058,0.0692309206528353,0.06658992559632507,0.09340844896804017,0.055135412572780894,0.0459457829227022,0.06401140087449841,0.10506070809689347,0.05169825821467153,0.05152347694507177,0.05145424706058676,0.3798466072785682,0.3371248556343531,0.27268717778010204,0.9068683291006172,0.5379965444402032,0.4029925133239023,0.07929579376860962,0.19149394177636025,0.3115146325648054,0.29799178242668045
0.06413810260988431,0.058374120706612596,0.0579642017671683,0.0934416519288416,0.06377357472466336,0.05473811032587851,0.07330354425048843,0.10469351841973029,0.04644556108502805,0.05469750484027891,0.04898108464571323,0.6226225811576583,0.5518383502938713,0.09439668392186432,0.5429113466521289,0.787115732503017,0.6807285156475564,0.15505811131217018,0.2403790150683567,0.496708737454843,0.49996395472300215
0.055857700303205936,0.053690341555852304,0.06083252793587747,0.07361744244746729,0.05468786756764079,0.053372701478863575,0.06429214086978634,0.10553632492520881,0.05033297545928105,0.06878995396144819,0.048417945714601826,0.0,0.20025873063497507,0.15734751449016754,0.2718070206390599,0.3696943586264324,0.29865694968856427,0.0994976229648871,0.28630480075913906,0.2742409240368295,0.23609679805051922
0.056823626474807556,0.06176635719938287,0.058190041224548274,0.07105107760124087,0.06912449789883529,0.06488760872462428,0.06927426368105286,0.11252596822501953,0.04932935651354268,0.0566410852329475,0.04274559002424254,0.8227612085237682,0.057528584489203116,0.27844894528881625,0.33351428348504303,0.6625549269585282,0.5169931607331404,0.1474977067006511,0.2691576498879029,0.3828403311297337,0.36596280544108856
0.059008625054739174,0.06272543884708316,0.06211367099449228,0.07405422388995742,0.06296578916528789,0.05837405386095805,0.07262939477089371,0.11178749482835539,0.043966956196710316,0.06412702742390268,0.04534453765312425,0.04415999363264522,0.1505825034413246,0.17423748556520086,0.08639527974357653,0.43631341274297203,0.39564579940480193,0.13410602740634897,0.28169666963076223,0.3698751619049455,0.40499134414133064
0.05650064009064234,0.07480859517323493,0.0727411888323746,0.07504898062848188,0.06025084641281403,0.05860035486602993,0.06520769247930001,0.0982054714485503,0.05682313937942454,0.0581854612823774,0.05003438353032011,0.25167126083459196,0.13390495941235733,0.26993443209802653,0.43542478734684603,0.3325414061660584,0.3181004212274674,0.07543954539349157,0.2897384722445128,0.2622809483949199,0.14996785094283835
0.07006209721855189,0.08596515847958698,0.07670347647177499,0.10388202289330017,0.06473473111223804,0.05528299081080672,0.06595805404305198,0.058412577034104365,0.06533710645963269,0.04868494479681134,0.0521007385082931,1.0172236066831704,0.49755305076255985,0.25559612894314454,0.6967798756219646,0.7355822129547178,0.5560614597740324,0.0893096760459548,0.2675661927550856,0.4001308991595375,0.35819869078303085
0.06604030436601871,0.07272760524608364,0.06953461559551946,0.08875161282320487,0.06422182318529245,0.0547975192316271,0.07040394553751693,0.10181669019702834,0.05231746355166193,0.04848132936442496,0.05182583724262574,0.579319594629337,0.2718321394935382,0.2904790386939988,0.7518111226529736,0.6765791261421021,0.5080040964536302,0.10883911969288429,0.2245100736962032,0.35593960877682873,0.41240440481124296
0.055591571053598646,0.0649701274236916,0.05877020148906638,0.06877760497744635,0.06269249829053206,0.06319878814363347,0.06562698927159144,0.109431265717255,0.052207365095455656,0.0582170297412049,0.0433504874313834,0.310355157953592,0.1586764809076376,0.2535372077952318,0.23715602719005774,0.4978767961424031,0.3697364093089066,0.10997301023553976,0.2836657245178917,0.23615690707261203,0.21019505713335157
0.06446640885947921,0.06914297790682272,0.07134722714715162,0.08175681320847329,0.06422792369544161,0.05964844127303921,0.0717235680188727,0.09443303280535742,0.05335118785493616,0.06297447677090862,0.050146035714098154,0.0,0.24550163576194028,0.1920398406144417,0.2369569755621826,0.5817629437859578,0.3902821372544082,0.11247641590593918,0.29055538803700004,0.2726185127598394,0.4602817588467791
0.05946060853450228,0.04680805450602465,0.05631962798571973,0.0929211545833882,0.050469074067101556,0.04561740406399179,0.06360853740169162,0.11054646524034092,0.051166744642208384,0.0604896496770522,0.0520518954904161,0.23775695017713044,0.4540641584565561,0.1671360330203201,0.8874676516865707,0.6976241634548155,0.4063600378171508,0.08808452074710149,0.18877838764530075,0.28646950347063416,0.3028173802655193
0.06011770815860012,0.05684120878727296,0.05259319310166515,0.08377891165263436,0.052107963676111375,0.050777722210795594,0.0625805749600242,0.11062005275560563,0.049734353089862036,0.05498856228502237,0.048861103895638754,0.72976592822692,0.4984572624425154,0.15674105988306913,0.668119285844617,0.5516064560747832,0.5557749617748002,0.11860686603452296,0.23824020193229006,0.420789834051658,0.2713928839808848
0.06247793500282674,0.07122255157052436,0.06917859132842767,0.0813363178078848,0.052351145974154266,0.04861928494864716,0.06550155951069207,0.11015724458236825,0.052401585144419206,0.055918604893526735,0.05163542198282816,0.2526254677357934,0.21541057195430252,0.27493535876782116,0.7226879329537162,0.35152328662541676,0.3062619114305606,0.07752055416994419,0.23109340854463079,0.3078594173248671,0.2669063135718982
0.05210976694513111,0.0601912558170555,0.0620853621273845,0.08265432869670307,0.05912003763574203,0.052762458807802885,0.05860822833014243,0.0927531313450638,0.056510484629426885,0.05689185168338482,0.04754266171280793,0.8544418872458357,0.28166375109816966,0.26206659675942773,0.7031687472463791,0.573663150079143,0.4090498613640866,0.07947055909099941,0.25238551576682244,0.29615473992123587,0.10164434405384942
0.0620688171774808,0.046118906027159734,0.055960508843937364,0.09573590184564633,0.048424846051807226,0.043589339081795186,0.06652320688103314,0.10651958271841136,0.047976798484007335,0.06794385135405318,0.05234731283279888,0.1849289316735589,0.6476639944484215,0.03856689666057475,0.5630339440761636,0.6274509900981949,0.5250655304289871,0.11796639140629404,0.21423157715336444,0.4383249140039781,0.4121195992651058
0.05984781666181958,0.05814479006428029,0.063101622349749,0.0718854168878045,0.05872459411374475,0.05579616069961103,0.06650565945515963,0.1089640539349283,0.0475883591588447,0.06209531511978363,0.04526044888303614,0.16884591583095548,0.1074212508845599,0.21727369661810686,0.2548071618744887,0.4359906842966372,0.34786457330693016,0.1107515315062526,0.2872622322371139,0.29870594778823256,0.30126463756644895
0.056283687217862206,0.06325177094597036,0.0530853844660938,0.08878409755979469,0.05350278320628466,0.05045123576968907,0.057766801732170685,0.08206056521788654,0.05580246938604439,0.06124486161591653,0.047035517410940746,1.0669363648221735,0.6294642772564373,0.13254213509034823,0.57309060999648,0.5139038095085258,0.5522476235274498,0.10941349668948866,0.25537175181860766,0.44398409456300186,0.11527351572931804
0.06405546313149245,0.08100136088341815,0.06524498655568445,0.0883025360044998,0.06956727601297234,0.06422989639756235,0.06518472406999463,0.07100384040424715,0.06099298674849372,0.048627711708033275,0.041813197046088615,1.6738507971017087,0.44072896949628854,0.20346766953422055,0.3958104225925322,0.736208485338037,0.6976406036875455,0.13901477349322777,0.3192733962185122,0.5256400539129289,0.28860534081815736
0.05550763733097109,0.05360306479538682,0.05469918285909027,0.07650828647245089,0.05503561052532803,0.05591393337813908,0.06171551178921195,0.10240554495552902,0.05329490046498919,0.060203924982043897,0.049110363735525055,0.629286427127137,0.39657062001857457,0.16027195179096793,0.5663075647265943,0.5321305179179913,0.468078062918446,0.10730734765889977,0.2697265166329271,0.3354190551780941,0.14761563258570554
0.06955996255485816,0.0687810113447161,0.06928394154496122,0.09036189095217838,0.058692314905686514,0.05247896809008486,0.06727514080625471,0.09664695072934772,0.05623625931075279,0.05739954547668458,0.05063388205701739,0.37307823427300296,0.3209079042203893,0.2736482662095793,0.5078633417590491,0.7373708456033974,0.43407295235338395,0.09913438156575935,0.22897979911253366,0.3033256200929677,0.4948362231066306
0.05281906628587828,0.06122565894932118,0.061458045592555105,0.08826933304369837,0.0610451506580313,0.05641051646724077,0.06087839211833289,0.0706697458529016,0.05995582055234859,0.06477107616404723,0.04666931610648779,0.7323250306334528,0.5563263737235726,0.10835113378650049,0.29816389234575574,0.6409819412012505,0.4524478678854987,0.09988228921094393,0.28289620886165007,0.3026157585316792,0.16925321036124497
0.06070161856095917,0.06491865365135512,0.06902722836794062,0.06839755546907325,0.05858484509600595,0.05979216580102482,0.07006202838885443,0.11288405199471674,0.04969786933453623,0.06447715565005616,0.04369685918617839,0.0,0.0,0.3215426088479657,0.20318183845159182,0.34200329670843493,0.18976482082575835,0.08741577113222747,0.2754044114174172,0.20550526937929972,0.287312411728032
0.045955935647959995,0.0489310417703445,0.04231780557318027,0.07193649701966415,0.059626553163557,0.06330800316734252,0.05840964211955367,0.10566106797868081,0.05095674706142058,0.06012463958168253,0.042365467620606015,0.9168747029388893,0.41952767033529226,0.13646710838436432,0.42196822443650234,0.6270291597153503,0.5504892039234379,0.12931654598190698,0.2910564222896584,0.3574187417156207,0.04197437117187808
0.06313660745912678,0.07566400690596388,0.07368128387599021,0.07725720439765704,0.06822218827787721,0.0663802679968937,0.07298468199701812,0.0955435266492332,0.05672740753204581,0.057876702662320825,0.04695388488210265,0.1930489494484886,0.0,0.36155191974087453,0.30432068902806986,0.6439963604862898,0.3474801407683875,0.09865774737783076,0.2657747103435095,0.22748964160249918,0.3880480491692488
0.05041319331325708,0.052859388275233954,0.06170961378907251,0.09749762545788648,0.05739205784834657,0.0488546620603259,0.059645651366870646,0.09499907487555355,0.05527255514621101,0.05695963540835003,0.05208639887227869,0.8709174789250577,0.44514824608249903,0.19405197086811102,0.9248629536636012,0.6988195008399966,0.44999405863935016,0.07785138845573024,0.2105747673291495,0.30966267231224104,0.1508493835168342
0.04809837575028408,0.02909281009631671,0.04455030437270947,0.09262307533014272,0.058548817777756675,0.052936138099380456,0.06570579873513582,0.09232030940078047,0.042868636126479356,0.07997692506390425,0.04773662345336501,0.27194571982723137,0.6652047836218231,0.0,0.14472743587876435,0.8582834990219099,0.5126788539250058,0.1657767559660345,0.25454771562876505,0.4101107494279549,0.3777248169047397
0.05950012533753248,0.055077797523483595,0.05879289325807872,0.08786025282194092,0.0563602138021602,0.048927180618446954,0.06415272682146977,0.11042315404333929,0.051912575162365915,0.058899253377445816,0.04931453713428381,0.6968588219741171,0.3730260389915511,0.17939144903768417,0.5853018283517827,0.6935130202882894,0.4991041836916827,0.12009198871268197,0.23192540952814325,0.3767618212199411,0.39716602470515794
0.061424882409137405,0.06250528752835059,0.06155532377056198,0.08270884512709012,0.062018564800113044,0.061328140028570614,0.06760579196696961,0.10653473855387316,0.05349383399073004,0.05966754270492931,0.04551631305564479,0.0,0.20086591840830761,0.27661200363055494,0.2582631583820277,0.7424821127889641,0.32738233912687276,0.11168430730271602,0.2366835298582491,0.15775891451066493,0.41485770951190887
0.07320781333921858,0.0891692719009803,0.07766145869748661,0.09076324605025164,0.07144696362229291,0.0644942409742124,0.07487234218123624,0.0915273034542521,0.05875867163630265,0.04673189873439564,0.04850515480054019,0.6874268992313675,0.2018583951923854,0.36934115804441775,0.544397443658744,0.7693808984047716,0.5215545383919734,0.11755261400202648,0.24187986033787168,0.35939876985537117,0.5405519526846279
0.05272648524626987,0.07087803352599553,0.061152849739906444,0.10255413652285592,0.0641241356437123,0.051824048270536265,0.05925703924669627,0.07632061555332119,0.05742258073426975,0.04695138880007419,0.04592619503992507,1.9135743517097308,0.49743869080812503,0.26034294945299036,1.2422427509763319,0.7960052297108893,0.636257867681793,0.08526469245378245,0.20666601406097543,0.49335965381140334,0.0
0.05688255359764875,0.027676856478028596,0.04956779138512683,0.100286984012837,0.043054762785729075,0.036565777159543573,0.0617508217045328,0.09644335282206681,0.04714504196609623,0.07433607603352109,0.05671118422099567,0.3353936905109019,0.8203712939027716,0.0,0.8442801223929378,0.6979070051627642,0.5082955763674453,0.10003685525159149,0.20054630162175036,0.42533618327567546,0.35926394255963084
0.05064667087174022,0.0404737391493261,0.04791137238998648,0.10254736654662285,0.04767308515828088,0.03903464731636224,0.05343344859650274,0.08926614558518228,0.05302979743748434,0.06061278119824346,0.05055248700609225,1.1968276364426524,0.7605798487627436,0.09589009489911267,1.1605089724128668,0.7353577368879858,0.5120465031196763,0.0811875399387525,0.18823908901411246,0.3814844375389064,0.10251865902829382
0.05438477858437572,0.05811823645353291,0.050746220767724476,0.06963508949298146,0.05508224872331809,0.0547816771920324,0.06217547246370377,0.11711596766123103,0.04736217100363283,0.05779534684528507,0.042447139873022274,0.26233940823448143,0.2005976067685939,0.2629957059621708,0.5389179782182738,0.441153806904772,0.3384258655908331,0.09372091189249475,0.23595985576577863,0.24371071360811264,0.12242021767925293
0.054353047086190764,0.0691918181125944,0.05729529845759682,0.06790680090315625,0.06358219246362436,0.06689043187114331,0.06524607339434754,0.11079768644981815,0.05153964560614478,0.054693844442395396,0.040154913823032136,0.3905114336186596,0.005914979900788653,0.39019063946549293,0.340818745187072,0.5174880909310949,0.29925354845513286,0.08986492675657329,0.2469428728475788,0.17004321329821334,0.09939226656134165
0.06138758427866625,0.07316443253251538,0.06694660947812364,0.06283702991537721,0.053790533268941766,0.05547795611434556,0.06863689953197386,0.11528516108214273,0.04673479136426514,0.063035311147342,0.046735013147736405,0.0,0.0,0.3015621726094098,0.3885634371392264,0.06212636097093471,0.1664485328805203,0.08117516314220156,0.2729110067659005,0.26415721045335083,0.1860287227769647
0.06862546828374037,0.0938311464301829,0.08498603411561231,0.0778729257629881,0.06854745499263558,0.06411732835320783,0.07454018672664783,0.09736314649135193,0.057336377797055554,0.047530569280382934,0.04755338304898492,0.5868391050136867,0.0,0.4465017979075928,0.5127758743012134,0.43234361720710224,0.36263431319393313,0.08727610133317497,0.2754445293984592,0.3279004903493369,0.37157160687977603
0.05838311030651386,0.042518047473436196,0.05057245648468364,0.08934499177606817,0.05285349792935934,0.04870126868081021,0.06940657427512134,0.10564939381372072,0.043056428707110225,0.07090988030786213,0.051095385118978265,0.0,0.7073264723343209,0.0,0.36969603792756267,0.6393180161841816,0.5713114615789214,0.14735821360887935,0.23353524601495726,0.4581799998741108,0.4383664632877616
0.05717801667217213,0.06792523263648471,0.06524911135010678,0.08979268724477776,0.07102476078985162,0.06255514899376137,0.06472036012273186,0.09211319072292384,0.05835669231878761,0.04972169023973714,0.04391826516969091,1.311393784634942,0.22023377012041515,0.33560463481841063,0.6960028157034714,0.9069762600332844,0.5743078981069771,0.11396670681662908,0.24433105534711444,0.36416800533379456,0.2780032463744848
0.06380942409231256,0.06601815198227293,0.07166311410090084,0.08704045433457876,0.05748138829488858,0.052218748039716996,0.06771908007031763,0.10470464929945125,0.05404079589736072,0.056219463815261966,0.05118843040453507,0.14126908398568827,0.23459344634096718,0.28332925671334586,0.5900684912075063,0.6057958818933824,0.3683615792874337,0.08341837827203867,0.21536203459227896,0.2627237331760305,0.3827278634901149
0.05125074008660445,0.043438966516597885,0.05113359222197152,0.07863235938519167,0.05453939487395745,0.052000277302520166,0.057453964061550476,0.09891573811060703,0.053144766628033975,0.06546928090393049,0.04539662130899408,0.7334949204421847,0.4038411423604334,0.13169150753204614,0.36148703646731206,0.5932201397924419,0.446937129982837,0.11197466651258678,0.2827542749972921,0.32367324375821527,0.1804083034332797
0.05023569594189419,0.03610434846206072,0.05427548684070624,0.1029010530778417,0.04797776879952082,0.037371753896648624,0.05789954115209452,0.10085771648965301,0.050036544174494456,0.058963712781545025,0.05484840229042118,1.053613920157697,0.5769225208797004,0.13811727110103436,1.3983361345678356,0.7047740077571732,0.4330362948721966,0.06375662550407611,0.16857848263959824,0.348616968832788,0.1204465637502532
0.06337308656749513,0.07185239468190201,0.07345313619342779,0.09305255979614341,0.0570528054206604,0.047211667313993136,0.06636885519855655,0.101333621423777,0.05451018538996807,0.0527921205658373,0.05088508705689983,0.6688955449686187,0.2371903334024463,0.30349036901209564,0.8833117104432322,0.5939922996521414,0.38291061634434126,0.0766178568674243,0.20245229332967324,0.31633940397877786,0.3361620509961304
0.05651934934291609,0.08411988339145496,0.07803295051737084,0.0680114840266514,0.08008983739193648,0.07690734285438297,0.07812069122872209,0.10802417590994787,0.052501076635752104,0.04770306659474729,0.04103001676590815,0.665667541266023,0.0,0.4387202138481552,0.40680934705929483,0.6072911969071214,0.44219264800772523,0.11200208619955855,0.276838003063847,0.323730411121261,0.24793141080873574
0.05453367953349763,0.0493614689128869,0.06710535466679826,0.1011335110716272,0.06312788926980419,0.051513626805579166,0.06847037896490746,0.09568073792255216,0.05307942282508733,0.06328547378619881,0.054202622988601686,0.496856470975764,0.37546042480116587,0.17202314608052477,0.7389315012944946,0.8528021611865032,0.45358384699233056,0.0982484468616297,0.20768510071273602,0.32073292745034593,0.3851257727813084
0.06057227399667331,0.0686389559440681,0.06928307532108088,0.08408004773424264,0.06009356068072008,0.05768911275688704,0.06665034834177529,0.08827101871462054,0.059182340133702646,0.0605885639895399,0.05277490577590152,0.3683272058312196,0.3601966476120926,0.20309285998339843,0.43804007519028,0.5697397614853058,0.41982421279769544,0.08794761086073292,0.2832744149882465,0.2924988528845363,0.2883595429352785
0.06660735587742668,0.07261587838680404,0.06918866032845407,0.08374152380418827,0.05755230270771422,0.05211186376311061,0.07022413657410392,0.10997639343713926,0.04950795551548358,0.051753116224941526,0.04876533678936593,0.5482084776626505,0.31435306355268783,0.20893219723016832,0.4550436903340508,0.4006800571471294,0.4919728115808975,0.11442106495683547,0.2600260276795529,0.43861774667643344,0.41613285427694024
0.058590902266254054,0.05008305552017819,0.05837718025439244,0.09053610893975793,0.056847299872324855,0.049480589726722805,0.06344303985055465,0.10743560514145856,0.05208732116074724,0.05783639835922091,0.04963191942052156,0.8267450987206597,0.4368037765601711,0.17253172700933017,0.6616415831460734,0.7472875195180275,0.5250441800036443,0.11708661322026034,0.22610749043577982,0.3823073487939946,0.3463668778408765
0.06082748618135136,0.05449371301086492,0.06619349204205427,0.09564038061836702,0.06284682799990664,0.049207101379564154,0.06689115748281303,0.09552453048093651,0.054145751412945295,0.0602994960296168,0.05222662943595406,0.6727256302441388,0.3951645319254766,0.19825018272704492,0.6646172372221825,0.8795087555622096,0.5170253224037372,0.11148741349229208,0.22294323631134996,0.3563592718161205,0.4594557431962702
0.07319700820546172,0.11641970249096242,0.0962480404128136,0.10278997594385603,0.08847753578750586,0.08210341662993798,0.07924596070336926,0.03592506963996718,0.07492291952099545,0.04783048570571596,0.047373332188864845,0.7625169181007319,0.20652843482976357,0.3968842438828689,0.07663952532593471,0.9891865822064074,0.5922911736037133,0.1057580975442104,0.3207882798310915,0.3054394617500991,0.5559854310317243
0.05597719520296594,0.04809573186591348,0.056279598097779646,0.0918287310199847,0.0554417144781883,0.04824118249450515,0.06012193314941295,0.08599236047557476,0.054867941909357815,0.0677159251917097,0.05263514959234804,0.6795733632946405,0.5931034167190808,0.062130442265456526,0.4799683330618154,0.7119433161488236,0.48166875377592444,0.11617882146505357,0.25794559895323466,0.3687112784358,0.32561039984969187
0.05939573872184379,0.05032485611538271,0.06267881408295493,0.0938808790933087,0.04978294613073455,0.04019361839957543,0.06609439463920642,0.11191917887993133,0.04666384308712761,0.058727036147245885,0.05535890841597979,0.3165895842490516,0.5311109092910845,0.10505055192957229,0.9356127991901879,0.5290305355215481,0.4770217447213591,0.09449167626009988,0.20772877329705844,0.3938867825086663,0.3560108242920675
0.0643631756057739,0.06403400305529196,0.06571857257930791,0.0830991081013788,0.05879044938134419,0.055630691828167406,0.06293809940787293,0.09055967246131282,0.05683986016685849,0.0607862472968752,0.04777472815179611,0.604036615387589,0.31362972461305755,0.18786385427000868,0.21461541793189848,0.5686704014906385,0.469090858946618,0.1166349175304748,0.30584035712620494,0.37127500956676374,0.3645947873482499
0.05819240009695221,0.06192096418739147,0.06135659991994938,0.08978701858888365,0.0638524469624897,0.0547238016965981,0.06736935917196261,0.10228926427522188,0.052133573817897814,0.05619734789723636,0.04868246919547295,0.5133220064859172,0.2860290930393572,0.2758349632314554,0.6712906545709629,0.8409495026804505,0.4670944927101331,0.1070933965861406,0.19623296247223976,0.27589394626361174,0.3769110408781934
0.06161345965694067,0.08499141015188633,0.0733832755785114,0.07236530993306263,0.0686721913595702,0.06991089724076319,0.07345222149783714,0.11499245557607726,0.053761031403091956,0.05128802879636713,0.04234382863317733,0.4362387605890249,0.0,0.4896030131414126,0.4366853990304541,0.5444981094238105,0.29045121454074285,0.0926823585712549,0.2334890646579704,0.21808502615033093,0.25558222613250653
0.05243826244952382,0.07191512338216731,0.06683175012411104,0.07109690652882397,0.06246489014151333,0.06408819995787557,0.06368294729614306,0.09962561435989449,0.05672180730805941,0.06251617083220586,0.04357329237569225,0.10328405073305152,0.0,0.3683849031995766,0.21003471408140312,0.3847007454444373,0.17505078739635566,0.06641991756165341,0.27232415539672306,0.09836302923898091,0.12514761804701685
0.06148485678644282,0.06548759491891654,0.06454795768425545,0.09613088886190096,0.05042241419810473,0.041560708100204104,0.06686984591887593,0.10409438710342692,0.047545990802214014,0.05753169868146675,0.05144273125284642,0.18481649387303306,0.5653614446491584,0.13348644059598266,0.8700642739156557,0.4242530929066965,0.45237082438280957,0.08609423112034584,0.18897753495536135,0.4213774087136795,0.28606011159774325
0.056168371081871095,0.0641367006655371,0.061217401891613885,0.07780702545048726,0.06096321136401277,0.058385031871830695,0.06201982469411815,0.10232731305703491,0.054067876075256614,0.057070832058902815,0.04561939199891306,0.9820166532359165,0.14671129141769526,0.2810835822662007,0.5174877619454417,0.5326199692030478,0.4310889282409808,0.11001745940354744,0.27302471134238626,0.3551181206701426,0.1772288176648302
0.041038956901855175,0.022499167409605114,0.04641936314204533,0.10032251277550787,0.051081847837048,0.038912811146220166,0.05263148739054323,0.0935478259444134,0.04775155387419183,0.06335484305610854,0.0528780399867568,1.3619691149931963,0.5812435319796907,0.09000776342985109,1.3670009298610069,0.7529684241786707,0.4384636425716756,0.06845144283432142,0.18395131370868623,0.3342356807634413,0.013732756389799372
0.06037109230131549,0.06497802280765191,0.06549181204856962,0.0910546985831763,0.06182067880210252,0.05734416264288387,0.06813496026968313,0.09642808439015123,0.055736789333965406,0.06272243651303853,0.046583761018231674,0.0,0.3451935908936388,0.22365775930107604,0.26583390360566356,0.7660681556724976,0.38312210463949653,0.1002241517616873,0.23226919480545802,0.19099450353351144,0.455402521725665
0.058106580290880255,0.049931367249900806,0.05251361759267871,0.10144810624065614,0.044563096023270625,0.03637183230079349,0.05848190227916164,0.09823959963948174,0.0490597814981519,0.06166906299123441,0.05299907398735675,0.5126937948145011,0.5820435889860835,0.1731090006120998,1.0550235352312476,0.6202467741537914,0.3835437699649124,0.07376786901341953,0.15267962725632342,0.32316157453382865,0.23202110481009292
0.052013746773578465,0.05153011985214201,0.06500364302655906,0.10256029458243215,0.06019332279508185,0.04644163222422057,0.06945748002824643,0.11186525723197563,0.046292744596276386,0.05529293709631954,0.052738348569906855,0.5580740726964907,0.4281304709441495,0.1953355728602595,1.175079493221807,0.8107935841141577,0.4863614976537762,0.09010157788344224,0.15064212133109414,0.3580462396680656,0.2958542876562028
0.048553712539733285,0.038877169035639474,0.04514728950145457,0.08572760821437844,0.05209771986426592,0.04841367698201907,0.054636468082581074,0.09350943849128246,0.05063819037121564,0.06473590929514145,0.04838699953598632,1.0734842194571421,0.6135955413944032,0.0722154153111369,0.6332508873907282,0.6502469858303256,0.5246481646251987,0.11529846579233946,0.25766676174099584,0.3956216932248722,0.13043705318986998
0.05672717251075015,0.059370491279978135,0.05491558536431455,0.08609052924209445,0.0496476323645471,0.05022424029524706,0.06282303413967061,0.11399499504846558,0.05250813352073125,0.06043483423257702,0.04854505044225001,0.08584104761887074,0.4900701739751987,0.16542792498332318,0.6952828491018412,0.5164412903750776,0.39624738454603803,0.0856375867158369,0.2023516087339497,0.28646449593293355,0.17511179717352288
0.05341148239849226,0.043403164287859466,0.04717537196976779,0.09059431945639006,0.0598639980016875,0.05325829096475155,0.06240380061020378,0.10634377996601127,0.05061084146448143,0.05719594035561589,0.04552046704808344,1.1118306637212516,0.44252443796597357,0.19981835640538267,0.7769894577380864,0.9726843894455988,0.5696211786885013,0.1294908558731608,0.19981477362621033,0.35226449155783846,0.3093862214867921
0.06494217179219482,0.08340521331365397,0.08167053493096957,0.09243871015681512,0.06385075272805137,0.053581659037223235,0.07284578566282943,0.10215815320142249,0.05311396732801988,0.04742994904431153,0.05029713672129464,0.37142445276744296,0.19679899500733378,0.3220975223138507,0.7503104126930524,0.5180106391559471,0.4058398313809086,0.07631340297475776,0.21774828636883428,0.33784960260114055,0.38372890925889713
0.058691364909968784,0.0539747318128853,0.06593510666644052,0.0945867469963426,0.04971609326634094,0.03934281707068303,0.06367368770068953,0.10994247904717652,0.0484629121448931,0.05700407442994753,0.052963824493069446,0.64514964859018,0.36293435135599256,0.1897117580366624,1.0867519197841964,0.46028504961978944,0.38169238881600365,0.07462648604715186,0.19760239017221928,0.3757478279834333,0.23524952909948618
0.06403618321693083,0.05802278105641718,0.07014367613524738,0.09730643132059724,0.05364984071017846,0.047692946474394544,0.06436005351199249,0.08133784768112849,0.056633192862775995,0.06418673618812046,0.054829197379637304,0.1281753142146727,0.3139893450951328,0.24648631877663474,0.5817649739584884,0.620189616697324,0.25655890620725785,0.06653397937879302,0.22321312165097418,0.21608828706614447,0.38999660129907054
